baseline: 0.1
calibration_time: 2016-04-20-21-12-53
gain: 0.949999988079071
k: 27.0
limit: 1.0
radius: 0.0318
trim: -0.10000000149011612
