baseline: 0.1
calibration_time: 2016-04-29-22-26-44
gain: 0.8999999761581421
k: 27.0
limit: 1.0
radius: 0.0318
trim: -0.04800000041723251
