baseline: 0.1
calibration_time: 2016-04-21-23-12-58
gain: 0.9399999976158142
k: 27.0
limit: 1.0
radius: 0.0318
trim: 0.05000000074505806
