baseline: 0.1
calibration_time: 2016-04-29-12-08-37
gain: 0.9800000190734863
k: 27.0
limit: 1.0
radius: 0.0318
trim: 0.02800000086426735

