baseline: 0.1
calibration_time: 2017-11-29-15-52-03
gain: 0.6499999761581421
k: 27.0
limit: 1.0
radius: 0.0318
trim: -0.07999999821186066
