baseline: 0.1
calibration_time: 2017-11-04-18-21-38
gain: 1.399999976158142
k: 27.0
limit: 1.0
radius: 0.0318
trim: -0.06449999660253525
