baseline: 0.1
calibration_time: 2017-10-06-11-09-49
gain: 1.100000023841858
k: 27.0
limit: 1.0
radius: 0.0318
trim: -0.05000000074505806
