baseline: 0.1
calibration_time: 2017-11-06-16-53-51
gain: 0.30000001192092896
k: 27.0
limit: 1.0
radius: 0.0318
trim: -0.05000000074505806
