baseline: 0.1
calibration_time: 2017-11-20-13-54-17
gain: 1.2000000476837158
k: 27.0
limit: 1.0
radius: 0.0318
trim: -0.05000000074505806
