baseline: 0.1
calibration_time: 2017-10-21-02-32-41
gain: 0.7400000095367432
k: 27.0
limit: 1.0
radius: 0.0318
trim: 0.019999999552965164
