baseline: 0.1
calibration_time: 2017-12-13-08-55-22
gain: 0.6000000238418579
k: 27.0
limit: 1.0
radius: 0.0318
trim: 0.03099999949336052
