baseline: 0.1
calibration_time: 2017-10-30-21-12-28
gain: 0.8399999737739563
k: 27.0
limit: 1.0
radius: 0.0318
trim: 0.03400000184774399
