baseline: 0.1
calibration_time: 2016-08-17-18-54-48
gain: 0.7699999809265137
k: 27.0
limit: 1.0
radius: 0.0318
trim: 0.00019999999494757503
