baseline: 0.1
calibration_time: 2017-09-12-17-21-35
gain: 1.100000023841858
k: 27.0
limit: 1.0
radius: 0.0318
trim: -0.009999999776482582
