baseline: 0.1
calibration_time: 2018-01-23-09-06-54
gain: 0.6000000238418579
k: 27.0
limit: 1.0
radius: 0.0318
trim: -0.05000000074505806
