baseline: 0.1
calibration_time: 2017-10-21-02-27-36
gain: 0.8999999761581421
k: 27.0
limit: 1.0
radius: 0.0318
trim: 0.019999999552965164
