baseline: 0.1
calibration_time: 2017-10-15-02-57-06
gain: 1.059999942779541
k: 27.0
limit: 1.0
radius: 0.0318
trim: 0.060499999672174454
