baseline: 0.1
calibration_time: 2017-10-20-17-52-27
gain: 0.699999988079071
k: 27.0
limit: 1.0
radius: 0.0318
trim: -0.08219999819993973
