baseline: 0.1
calibration_time: 2017-11-22-13-34-43
gain: 1.0499999523162842
k: 27.0
limit: 1.0
radius: 0.0318
trim: 0.023000000044703484
