baseline: 0.1
calibration_time: 2017-10-22-19-51-08
gain: 0.9100000262260437
k: 27.0
limit: 1.0
radius: 0.0318
trim: -0.04100000113248825
