camera_matrix:
  cols: 3
  data: [344.8174114237445, 0.0, 329.50183290814664, 0.0, 337.99131232461906, 239.89846698545247,
    0.0, 0.0, 1.0]
  rows: 3
camera_name: chuckie/camera_node
distortion_coefficients:
  cols: 5
  data: [-0.24692133100301966, 0.03952178002839576, -0.00047439036386395913, 0.004678049218565277,
    0.0]
  rows: 1
distortion_model: plumb_bob
image_height: 480
image_width: 640
projection_matrix:
  cols: 4
  data: [233.2926025390625, 0.0, 356.5439320925507, 0.0, 0.0, 285.6076354980469, 239.35870738991616,
    0.0, 0.0, 0.0, 1.0, 0.0]
  rows: 3
rectification_matrix:
  cols: 3
  data: [1.0, 0.0, 0.0, 0.0, 1.0, 0.0, 0.0, 0.0, 1.0]
  rows: 3
