camera_matrix:
  cols: 3
  data: [423.91880057247835, 0.0, 327.0110340053104, 0.0, 420.38091573291086, 197.1105180816511,
    0.0, 0.0, 1.0]
  rows: 3
camera_name: flitzer/camera_node
distortion_coefficients:
  cols: 5
  data: [-0.33715567788169654, 0.08971936700024384, 0.004356509973974171, -0.004451892063316594,
    0.0]
  rows: 1
distortion_model: plumb_bob
image_height: 480
image_width: 640
projection_matrix:
  cols: 4
  data: [318.807861328125, 0.0, 322.61997668008553, 0.0, 0.0, 361.27349853515625,
    186.11062800137006, 0.0, 0.0, 0.0, 1.0, 0.0]
  rows: 3
rectification_matrix:
  cols: 3
  data: [1.0, 0.0, 0.0, 0.0, 1.0, 0.0, 0.0, 0.0, 1.0]
  rows: 3
