image_width: 640
image_height: 480
camera_name: /kitt/rosberrypi_cam
camera_matrix:
  rows: 3
  cols: 3
  data: [305.5718893575089, 0, 303.0797142544728, 0, 308.8338858195428, 231.8845403702499, 0, 0, 1]
distortion_model: plumb_bob
distortion_coefficients:
  rows: 1
  cols: 5
  data: [-0.2944667743901807, 0.0701431287084318, 0.0005859930422629722, -0.0006697840226199427, 0]
rectification_matrix:
  rows: 3
  cols: 3
  data: [1, 0, 0, 0, 1, 0, 0, 0, 1]
projection_matrix:
  rows: 3
  cols: 4
  data: [220.2460277141687, 0, 301.8668918355899, 0, 0, 238.6758484095299, 227.0880056118307, 0, 0, 0, 1, 0]