camera_matrix:
  cols: 3
  data: [342.4150474312635, 0.0, 328.9582583318239, 0.0, 341.7874575181467, 234.02954860728,
    0.0, 0.0, 1.0]
  rows: 3
camera_name: lukebot/camera_node
distortion_coefficients:
  cols: 5
  data: [-0.29040275158988116, 0.07288234555909771, 8.2438219789625e-05, -0.0011512129678786299,
    0.0]
  rows: 1
distortion_model: plumb_bob
image_height: 480
image_width: 640
projection_matrix:
  cols: 4
  data: [251.79129028320312, 0.0, 325.7848896076248, 0.0, 0.0, 283.3735046386719,
    231.32987823906842, 0.0, 0.0, 0.0, 1.0, 0.0]
  rows: 3
rectification_matrix:
  cols: 3
  data: [1.0, 0.0, 0.0, 0.0, 1.0, 0.0, 0.0, 0.0, 1.0]
  rows: 3
