camera_matrix:
  cols: 3
  data: [327.89210223024594, 0.0, 316.7349450842115, 0.0, 328.25704323647676, 225.76424342900162,
    0.0, 0.0, 1.0]
  rows: 3
camera_name: student17/camera_node
distortion_coefficients:
  cols: 5
  data: [-0.25407519197244866, 0.05060199343661817, 0.00014469782150525464, -0.006242718097402176,
    0.0]
  rows: 1
distortion_model: plumb_bob
image_height: 480
image_width: 640
projection_matrix:
  cols: 4
  data: [233.2818145751953, 0.0, 305.2620864999608, 0.0, 0.0, 273.1071472167969, 219.21074711390247,
    0.0, 0.0, 0.0, 1.0, 0.0]
  rows: 3
rectification_matrix:
  cols: 3
  data: [1.0, 0.0, 0.0, 0.0, 1.0, 0.0, 0.0, 0.0, 1.0]
  rows: 3
