camera_matrix:
  cols: 3
  data: [326.7644873196855, 0.0, 322.6069171427859, 0.0, 328.61701585955575, 252.43856953459968,
    0.0, 0.0, 1.0]
  rows: 3
camera_name: student27/camera_node
distortion_coefficients:
  cols: 5
  data: [-0.27072162762886287, 0.05660477379769903, 0.0007965190627707954, -0.0032330849385520093,
    0.0]
  rows: 1
distortion_model: plumb_bob
image_height: 480
image_width: 640
projection_matrix:
  cols: 4
  data: [231.35427856445312, 0.0, 317.7539570312838, 0.0, 0.0, 269.0292663574219,
    259.87687288971574, 0.0, 0.0, 0.0, 1.0, 0.0]
  rows: 3
rectification_matrix:
  cols: 3
  data: [1.0, 0.0, 0.0, 0.0, 1.0, 0.0, 0.0, 0.0, 1.0]
  rows: 3
