camera_matrix:
  cols: 3
  data: [417.29548148811006, 0.0, 317.13130946855233, 0.0, 412.7866000206736, 229.5351497652181,
    0.0, 0.0, 1.0]
  rows: 3
camera_name: swaggyduck/camera_node
distortion_coefficients:
  cols: 5
  data: [-0.4018924001772177, 0.12437282085086382, -0.0007244642021021898, 0.004901329322975011,
    0.0]
  rows: 1
distortion_model: plumb_bob
image_height: 480
image_width: 640
projection_matrix:
  cols: 4
  data: [291.47509765625, 0.0, 325.5922729030135, 0.0, 0.0, 343.6239013671875, 223.89140777026478,
    0.0, 0.0, 0.0, 1.0, 0.0]
  rows: 3
rectification_matrix:
  cols: 3
  data: [1.0, 0.0, 0.0, 0.0, 1.0, 0.0, 0.0, 0.0, 1.0]
  rows: 3
